1.000000        0       0
2.600000        1       1
2.307692        2       2
2.377333        3       3
1.20e+00        1.20e+00        1.20e+00        1.20e+00        1.20e+00
0       0.00e+00        0.00e+00        0.00e+00        0.00e+00        0.00e+00
eps     6.00e+00        1.15e+00        1.30e+00        1.37e+00        1.20e+00
ksi     1.00e+00        1.00e+00        1.00e+00        1.00e+00        1.00e+00
1       6.00e+00        1.15e+00        1.30e+00        1.37e+00        1.20e+00
eps     5.03e+00        5.66e-02        1.05e-01        1.68e-01        0.00e+00
ksi     5.16e+00        4.68e-02        8.72e-02        1.40e-01        0.00e+00
2       9.74e-01        1.21e+00        1.20e+00        1.20e+00        1.20e+00
eps     2.16e-01        1.05e-02        5.61e-04        0.00e+00        0.00e+00
ksi     1.82e-01        8.74e-03        4.67e-04        0.00e+00        0.00e+00
3       1.19e+00        1.20e+00        1.20e+00        1.20e+00        1.20e+00
