,b1,b2,b3,b4,sup
A1,4,9,1,3,43
A2,2,5,5,6,20
A3,2,5,10,4,30
A4,3,7,2,6,32
dem,18,50,22,35,
,,,,,
,b1,b2,b3,b4,sup
A1,4,9,1;22,3,21
A2,2,5,5,6,20
A3,2,5,10,4,30
A4,3,7,2,6,32
dem,18,50,0,35,
,,,,,
,b1,b2,b3,b4,sup
A1,4,9,1;22,3,21
A2,2;18,5,5,6,2
A3,2,5,10,4,30
A4,3,7,2,6,32
dem,0,50,0,35,
,,,,,
,b1,b2,b3,b4,sup
A1,4,9,1;22,3,21
A2,2;18,5,5,6,2
A3,2,5,10,4,30
A4,3,7,2,6,32
dem,0,50,0,35,
,,,,,
,b1,b2,b3,b4,sup
A1,4,9,1;22,3;21,0
A2,2;18,5,5,6,2
A3,2,5,10,4,30
A4,3,7,2,6,32
dem,0,50,0,14,
,,,,,
,b1,b2,b3,b4,sup
A1,4,9,1;22,3;21,0
A2,2;18,5,5,6,2
A3,2,5;16,10,4;14,0
A4,3,7,2,6,32
dem,0,34,0,0,
,,,,,
,b1,b2,b3,b4,sup
A1,4,9,1;22,3;21,0
A2,2;18,5;2,5,6,0
A3,2,5;16,10,4;14,0
A4,3,7,2,6,32
dem,0,32,0,0,
,,,,,
,b1,b2,b3,b4,sup
A1,4,9,1;22,3;21,0
A2,2;18,5;2,5,6,0
A3,2,5;16,10,4;14,0
A4,3,7;32,2,6,0
dem,0,0,0,0,
,,,,,
,B1 1,B2 4,B3 1,B4 3,sup
A1 0,4,9,1;22 (-),3;21 (+),0
A2 1,2;18,5;2 (+),5,6,0
A3 1,2,5;16 (-),10,4;14 (-),0
A4 6,3,7;32,2(+),6,0
dem,0,0,0,0,
,,,,,
,B1 1,B2 4,B3 1,B4 3,sup
A1 0,4,9,1;8,3;35,0
A2 1,2;18,5;16,5,6,0
A3 1,2,5;2,10,4;0,0
A4 6,3,7;32,2;50,6,0
dem,0,0,0,0,
