      [,1] [,2] [,3] [,4] [,5] [,6] [,7]
        10    8    1    0    0    0  168
         5   10    0    1    0    0  180
         6   12    0    0    1    0  144
obfun  -14  -18    0    0    0    1    0
      [,1] [,2] [,3] [,4]        [,5] [,6] [,7]
       6.0    0    1    0 -0.66666667    0   72
       0.0    0    0    1 -0.83333333    0   60
       0.5    1    0    0  0.08333333    0   12
obfun -5.0    0    0    0  1.50000000    1  216
      [,1] [,2]        [,3] [,4]       [,5] [,6] [,7]
         1    0  0.16666667    0 -0.1111111    0   12
         0    0  0.00000000    1 -0.8333333    0   60
         0    1 -0.08333333    0  0.1388889    0    6
obfun    0    0  0.83333333    0  0.9444444    1  276

Максимальне значення функції: 276 
за значень змінних: x1: 12  x2: 6  
