0	0.000000	-1	0.350000	1	0.175000	1	
1	0.000000	-1	0.175000	1	0.087500	-1	
2	0.087500	-1	0.175000	1	0.131250	1	
3	0.087500	-1	0.131250	1	0.109375	-1	
4	0.109375	-1	0.131250	1	0.120312	1	
5	0.109375	-1	0.120312	1	0.114844	-1	
6	0.114844	-1	0.120312	1	0.117578	-1	
7	0.117578	-1	0.120312	1	0.118945	-1	
8	0.118945	-1	0.120312	1	0.119629	-1	
9	0.119629	-1	0.120312	1	0.119971	-1	
10	0.119971	-1	0.120312	1	0.120142	1	
11	0.119971	-1	0.120142	1	0.120056	1	
12	0.119971	-1	0.120056	1	0.120013	1	
13	0.119971	-1	0.120013	1	0.119992	-1	
14	0.119992	-1	0.120013	1	0.120003	1	
15	0.119992	-1	0.120003	1	0.119997	-1	
16	0.119997	-1	0.120003	1	0.120000	1	
17	0.119997	-1	0.120000	1	0.119999	-1	
18	0.119999	-1	0.120000	1	0.119999	-1	
19	0.119999	-1	0.120000	1	0.120000	-1	
20	0.120000	-1	0.120000	1	0.120000	-1	
21	0.120000	-1	0.120000	1	0.120000	-1	
22	0.120000	-1	0.120000	1	0.120000	1	
23	0.120000	-1	0.120000	1	0.120000	1	
24	0.120000	-1	0.120000	1	0.120000	1	
25	0.120000	-1	0.120000	1	0.120000	-1	
26	0.120000	-1	0.120000	1	0.120000	1	
27	0.120000	-1	0.120000	1	0.120000	-1	
28	0.120000	-1	0.120000	1	0.120000	1	
29	0.120000	-1	0.120000	1	0.120000	-1	
30	0.120000	-1	0.120000	1	0.120000	-1	
31	0.120000	-1	0.120000	1	0.120000	-1	
32	0.120000	-1	0.120000	1	0.120000	-1	
0	0.000000
1	-0.144000	1.080000	0.133333	
2	0.017778	1.213333	0.118681	
3	-0.001739	1.198681	0.120132	
4	0.000174	1.200132	0.119987	
5	-0.000017	1.199987	0.120001	
6	0.000002	1.200001	0.120000	
7	-0.000000	1.200000	0.120000	
8	0.000000	1.200000	0.120000	
9	-0.000000	1.200000	0.120000	
10	0.000000	1.200000	0.120000	
11	-0.000000	1.200000	0.120000	
12	0.000000	1.200000	0.120000	
13	-0.000000	1.200000	0.120000	
14	0.000000	1.200000	0.120000	
15	-0.000000	1.200000	0.120000	
16	0.000000	1.200000	0.120000	
17	-0.000000	1.200000	0.120000	
18	0.000000	1.200000	0.120000	
19	0.000000	1.200000	0.120000	
