i	k1	y_1	x	y
0		0.120000	0.000000	0.120000
1	-0.120000	0.114000	0.050000	0.120000
2	-0.114000	0.108300	0.100000	0.114148
3	-0.108300	0.102885	0.150000	0.108580
4	-0.102885	0.097741	0.200000	0.103285
5	-0.097741	0.092854	0.250000	0.098248
6	-0.092854	0.088211	0.300000	0.093456
7	-0.088211	0.083800	0.350000	0.088898
8	-0.083800	0.079610	0.400000	0.084563
9	-0.079610	0.075630	0.450000	0.080438
10	-0.075630	0.071848	0.500000	0.076515
11	-0.071848	0.068256	0.550000	0.072784
12	-0.068256	0.064843	0.600000	0.069234
13	-0.064843	0.061601	0.650000	0.065857
14	-0.061601	0.058521	0.700000	0.062645
15	-0.058521	0.055595	0.750000	0.059590
16	-0.055595	0.052815	0.800000	0.056684
17	-0.052815	0.050174	0.850000	0.053919
18	-0.050174	0.047666	0.900000	0.051290
19	-0.047666	0.045282	0.950000	0.048788
20	-0.045282	0.043018	1.000000	0.046409
i	k1	k2	y	x
0			0.120000	0.000000
1	-0.120000	-0.114000	0.114150	0.050000
2	-0.114150	-0.108442	0.108585	0.100000
3	-0.108585	-0.103156	0.103292	0.150000
4	-0.103292	-0.098127	0.098256	0.200000
5	-0.098256	-0.093343	0.093466	0.250000
6	-0.093466	-0.088793	0.088910	0.300000
7	-0.088910	-0.084464	0.084575	0.350000
8	-0.084575	-0.080347	0.080452	0.400000
9	-0.080452	-0.076430	0.076530	0.450000
10	-0.076530	-0.072704	0.072799	0.500000
11	-0.072799	-0.069159	0.069250	0.550000
12	-0.069250	-0.065788	0.065874	0.600000
13	-0.065874	-0.062581	0.062663	0.650000
14	-0.062663	-0.059530	0.059608	0.700000
15	-0.059608	-0.056628	0.056702	0.750000
16	-0.056702	-0.053867	0.053938	0.800000
17	-0.053938	-0.051241	0.051309	0.850000
18	-0.051309	-0.048743	0.048807	0.900000
19	-0.048807	-0.046367	0.046428	0.950000
20	-0.046428	-0.044107	0.044165	1.000000
i	k1	k2	k3	k4	y	x
0					0.120000	0.000000
1	-0.120000	-0.117000	-0.117075	-0.114146	0.114148	0.050000
2	-0.114148	-0.111294	-0.111365	-0.108579	0.108580	0.100000
3	-0.108580	-0.105866	-0.105934	-0.103284	0.103285	0.150000
4	-0.103285	-0.100703	-0.100767	-0.098247	0.098248	0.200000
5	-0.098248	-0.095791	-0.095853	-0.093455	0.093456	0.250000
6	-0.093456	-0.091120	-0.091178	-0.088897	0.088898	0.300000
7	-0.088898	-0.086676	-0.086731	-0.084562	0.084563	0.350000
8	-0.084563	-0.082449	-0.082501	-0.080438	0.080438	0.400000
9	-0.080438	-0.078427	-0.078478	-0.076515	0.076515	0.450000
10	-0.076515	-0.074602	-0.074650	-0.072783	0.072784	0.500000
11	-0.072784	-0.070964	-0.071010	-0.069233	0.069234	0.550000
12	-0.069234	-0.067503	-0.067546	-0.065857	0.065857	0.600000
13	-0.065857	-0.064211	-0.064252	-0.062645	0.062645	0.650000
14	-0.062645	-0.061079	-0.061119	-0.059590	0.059590	0.700000
15	-0.059590	-0.058100	-0.058138	-0.056683	0.056684	0.750000
16	-0.056684	-0.055267	-0.055302	-0.053919	0.053919	0.800000
17	-0.053919	-0.052571	-0.052605	-0.051289	0.051290	0.850000
18	-0.051290	-0.050008	-0.050040	-0.048788	0.048788	0.900000
19	-0.048788	-0.047569	-0.047599	-0.046408	0.046409	0.950000
20	-0.046409	-0.045249	-0.045278	-0.044145	0.044146	1.000000
